EAGLE Version 9.5.2 Copyright (c) 1988-2019 Autodesk, Inc.,,,,,,,
List of signals with length and its max. frequency / current,,,,,,,,
exported from /home/mc/Documents/Capstone Eagle/oresat-c3-v1.brd,,,,,,,,
at 1/23/20 12:18 PM,,,,,,,,
Signal,f max. [MHz],l [mm],l[mil],A [mm2],R [mOhm],w min [mm],w max [mm],Imax [A]
!CB_FLT,82093.72,3.652,143.779527559055,0.007,9.08,0.2,0.2,0.64
!OPD_ENABLE,8635.43,34.717,1366.81102362205,0.007,86.3,0.2,0.2,0.64
!SD,9012.18,33.266,1309.68503937008,0.007,82.69,0.2,0.2,0.64
3.3V,2498.95,119.97,4723.22834645669,0.004,469.62,0.127,0.6,0.42
ANTN1,71305.63,4.204,165.511811023622,0.012,5.97,0.35,0.35,1.08
ANTN2,71305.63,4.204,165.511811023622,0.012,5.97,0.35,0.35,1.08
ANTP2,58733.22,5.104,200.944881889764,0.012,7.25,0.35,0.35,1.08
ANTP3,62586.54,4.79,188.582677165354,0.012,6.8,0.35,0.35,1.08
ANTP4,58733.22,5.104,200.944881889764,0.012,7.25,0.35,0.35,1.08
ANTP5,62712.96,4.781,188.228346456693,0.012,6.79,0.35,0.35,1.08
AUX_!SHUTDOWN,30374.39,9.87,388.582677165354,0.011,16.36,0.3,0.5,0.93
AUX-1,30687.77,9.769,384.606299212598,0.011,16.19,0.3,0.5,0.93
AUX-2,32495.92,9.226,363.228346456693,0.011,15.29,0.3,0.5,0.93
AUX-3,40405.05,7.42,292.125984251969,0.011,12.3,0.3,0.5,0.93
AUX-4,45018.41,6.659,262.165354330709,0.011,11.04,0.3,0.5,0.93
AUX-5,48879.53,6.133,241.456692913386,0.011,10.16,0.3,0.3,0.93
AUX-6,49613.55,6.043,237.913385826772,0.011,10.01,0.3,0.5,0.93
AUX-7,45585.48,6.577,258.937007874016,0.011,10.9,0.3,0.5,0.93
AUX-8,40219.05,7.454,293.464566929134,0.011,12.35,0.3,0.5,0.93
AUX-9,34526.55,8.683,341.850393700787,0.011,14.39,0.3,0.5,0.93
BOOT0,38326.13,7.822,307.952755905512,0.007,19.14,0.203,0.203,0.65
CAN1_H,7074.16,42.38,1668.50393700787,0.005,138.25,0.152,0.25,0.5
CAN1_L,6934.2,43.235,1702.16535433071,0.007,107.47,0.2,0.25,0.64
CAN1_RX,16284.03,18.411,724.842519685039,0.007,45.76,0.2,0.2,0.64
CAN1_SHDN,14142.38,21.199,834.606299212599,0.005,69.15,0.152,0.2,0.5
CAN1_SILENT,12524.73,23.937,942.40157480315,0.005,78.08,0.152,0.2,0.5
CAN1_TX,14388.42,20.836,820.314960629921,0.007,51.79,0.2,0.2,0.64
CAN2_H,13774.07,21.766,856.929133858268,0.007,54.1,0.2,0.305,0.64
CAN2_L,14515.41,20.654,813.149606299213,0.005,67.37,0.152,0.305,0.5
CAN2_RX,17566.01,17.067,671.929133858268,0.005,55.67,0.152,0.2,0.5
CAN2_SHDN,17165.22,17.466,687.637795275591,0.005,56.97,0.152,0.2,0.5
CAN2_SILENT,21496.01,13.947,549.094488188976,0.007,34.67,0.2,0.2,0.64
CAN2_TX,20234.03,14.817,583.346456692913,0.005,48.33,0.152,0.2,0.5
CB_IOUT,55465.28,5.405,212.795275590551,0.007,13.44,0.2,0.2,0.64
CB_IOUT_IN,7522.94,39.851,1568.93700787402,0.007,99.06,0.2,0.2,0.64
CLKN1,167021.85,1.795,70.6692913385827,0.007,4.46,0.2,0.2,0.64
CLKN2,167021.85,1.795,70.6692913385827,0.007,4.46,0.2,0.2,0.64
CLKP1,137660.76,2.178,85.748031496063,0.007,5.41,0.2,0.2,0.64
CLKP2,137660.76,2.178,85.748031496063,0.007,5.41,0.2,0.2,0.64
CRYSTALIN,49798.33,6.02,237.007874015748,0.007,14.96,0.2,0.254,0.64
CRYSTALOUT,66155.44,4.532,178.425196850394,0.007,11.26,0.2,0.254,0.64
CS1,37263.07,8.045,316.732283464567,0.007,20,0.2,0.2,0.64
CS2,37263.07,8.045,316.732283464567,0.007,20,0.2,0.2,0.64
EN/UVLO,57432.07,5.22,205.511811023622,0.007,12.98,0.2,0.2,0.64
GND,6434.4,46.593,1834.37007874016,0.004,182.39,0.127,0.6,0.42
IRQ1,45398.37,6.604,260,0.007,16.42,0.2,0.2,0.64
IRQ2,45398.37,6.604,260,0.007,16.42,0.2,0.2,0.64
LEDPWR1,264865.69,1.132,44.5669291338583,0.018,1.13,0.5,0.5,1.52
LEDPWR2,264865.69,1.132,44.5669291338583,0.018,1.13,0.5,0.5,1.52
MISO1,44368.67,6.757,266.023622047244,0.007,16.8,0.2,0.2,0.64
MISO2,44368.67,6.757,266.023622047244,0.007,16.8,0.2,0.2,0.64
MMC_PWR,9749.54,30.75,1210.62992125984,0.004,120.37,0.127,0.2,0.42
MMC_VDD,8230.42,36.426,1434.09448818898,0.004,142.59,0.127,1.27,0.42
MOSI1,46180.46,6.492,255.590551181102,0.007,16.14,0.2,0.2,0.64
MOSI2,46180.46,6.492,255.590551181102,0.007,16.14,0.2,0.2,0.64
N$1,226606.2,1.323,52.0866141732284,0.007,3.29,0.2,0.2,0.64
N$10,239840,1.25,49.2125984251969,0.007,3.11,0.2,0.2,0.64
N$11,152200.39,1.97,77.5590551181103,0.012,2.8,0.35,0.35,1.08
N$12,214527.88,1.397,55,0.007,3.47,0.2,0.2,0.64
N$13,599600,0.5,19.6850393700787,0.011,0.83,0.3,0.3,0.93
N$14,241784.04,1.24,48.8188976377953,0.007,3.08,0.2,0.35,0.64
N$15,179063.75,1.674,65.9055118110236,0.007,4.16,0.2,0.2,0.64
N$16,239840,1.25,49.2125984251969,0.007,3.11,0.2,0.2,0.64
N$17,152200.39,1.97,77.5590551181103,0.012,2.8,0.35,0.35,1.08
N$18,214527.88,1.397,55,0.007,3.47,0.2,0.2,0.64
N$270,210681.66,1.423,56.0236220472441,0.009,2.83,0.25,0.25,0.79
N$271,210681.66,1.423,56.0236220472441,0.009,2.83,0.25,0.25,0.79
N$3,197144.67,1.521,59.8818897637795,0.014,1.89,0.4,0.4,1.23
N$300,158205.8,1.895,74.6062992125984,0.013,2.48,0.38,0.38,1.17
N$400,245134.91,1.223,48.1496062992126,0.007,3.04,0.2,0.2,0.64
N$406,70667.11,4.242,167.007874015748,0.018,4.15,0.508,0.508,1.55
N$5,245134.91,1.223,48.1496062992126,0.007,3.04,0.2,0.2,0.64
N$7,599600,0.5,19.6850393700787,0.011,0.83,0.3,0.3,0.93
N$8,241784.04,1.24,48.8188976377953,0.007,3.08,0.2,0.35,0.64
N$9,179063.75,1.674,65.9055118110236,0.007,4.16,0.2,0.2,0.64
NRST,4412.58,67.942,2674.88188976378,0.005,221.63,0.152,0.2,0.5
OPD_!FAULT,15279.33,19.621,772.48031496063,0.005,64.01,0.152,0.2,0.5
OPD_ISET,48156.18,6.226,245.11811023622,0.007,15.48,0.2,0.2,0.64
OPD_ISET_IN,14888.72,20.136,792.755905511811,0.005,65.69,0.152,0.2,0.5
OPD_PWR,9585.35,31.277,1231.37795275591,0.014,38.87,0.4,0.508,1.23
OPD_SCL,7750.54,38.681,1522.87401574803,0.007,96.15,0.2,0.305,0.64
OPD_SDA,7271.13,41.232,1623.30708661417,0.005,134.5,0.152,0.305,0.5
PA1,65374.09,4.586,180.551181102362,0.007,11.4,0.2,0.2,0.64
PA15,58235.65,5.148,202.677165354331,0.005,16.79,0.152,0.152,0.5
PB10,122610.95,2.445,96.259842519685,0.005,7.98,0.152,0.152,0.5
PB12,7506.54,39.938,1572.36220472441,0.004,156.34,0.127,0.2,0.42
PC0,9550.34,31.392,1235.90551181102,0.004,122.88,0.127,0.2,0.42
PC1,9214.28,32.536,1280.94488188976,0.004,127.36,0.127,0.2,0.42
PC2,8959.61,33.461,1317.36220472441,0.004,130.98,0.127,0.2,0.42
PC3,9955.73,30.113,1185.55118110236,0.004,117.88,0.127,0.2,0.42
PC4,6737.36,44.498,1751.88976377953,0.004,174.19,0.127,0.2,0.42
PC5,7474.07,40.112,1579.2125984252,0.004,157.02,0.127,0.2,0.42
PWRAMP1,43306.76,6.923,272.55905511811,0.007,17.21,0.2,0.2,0.64
PWRAMP2,43306.76,6.923,272.55905511811,0.007,17.21,0.2,0.2,0.64
RADIO1_CS,10473.25,28.625,1126.96850393701,0.007,71.15,0.2,0.2,0.64
RADIO1_IRQ,11981.85,25.021,985.07874015748,0.007,62.2,0.2,0.2,0.64
RADIO2_CS,22297.97,13.445,529.330708661417,0.007,33.42,0.2,0.2,0.64
RADIO2_IRQ,13517.42,22.179,873.188976377953,0.007,55.13,0.2,0.2,0.64
RF1,158205.8,1.895,74.6062992125984,0.013,2.48,0.38,0.38,1.17
RF2,158205.8,1.895,74.6062992125984,0.013,2.48,0.38,0.38,1.17
RX1,203254.24,1.475,58.0708661417323,0.014,1.88,0.39,0.39,1.2
RX2,203254.24,1.475,58.0708661417323,0.014,1.88,0.39,0.39,1.2
SCLK1,42245.13,7.097,279.409448818898,0.007,17.64,0.2,0.2,0.64
SCLK2,42245.13,7.097,279.409448818898,0.007,17.64,0.2,0.2,0.64
SDIO_CK,7781.6,38.527,1516.81102362205,0.004,150.81,0.127,0.3,0.42
SDIO_CMD,7891.72,37.989,1495.62992125984,0.004,148.71,0.127,0.3,0.42
SDIO_D0,9099.69,32.946,1297.08661417323,0.004,128.97,0.127,0.2,0.42
SDIO_D1,8698.75,34.465,1356.88976377953,0.004,134.91,0.127,0.2,0.42
SDIO_D2,9004.6,33.294,1310.7874015748,0.004,130.33,0.127,0.2,0.42
SDIO_D3,8358.12,35.869,1412.16535433071,0.004,140.41,0.127,0.2,0.42
SDIO_D4,25754.15,11.641,458.307086614173,0.004,45.57,0.127,0.2,0.42
SDIO_D5,18133.66,16.533,650.905511811024,0.004,64.72,0.127,0.254,0.42
SDIO_D6,29448.22,10.181,400.826771653543,0.004,39.85,0.127,0.3,0.42
SDIO_D7,23805.3,12.594,495.826771653543,0.004,49.3,0.127,0.127,0.42
SDIO_RST,21567.82,13.9,547.244094488189,0.004,54.41,0.127,0.3,0.42
SPARE1,23529.86,12.741,501.614173228346,0.011,21.11,0.3,0.305,0.93
SPARE2,21069.41,14.229,560.196850393701,0.011,23.58,0.3,0.305,0.93
SPARE3,33301.1,9.003,354.448818897638,0.011,14.92,0.3,0.305,0.93
SPARE4,29191.02,10.27,404.330708661417,0.011,17.02,0.3,0.305,0.93
SPARE5,59081.31,5.074,199.763779527559,0.011,8.41,0.3,0.305,0.93
SPI1_MISO,5859.01,51.169,2014.52755905512,0.007,127.19,0.2,0.2,0.64
SPI1_MOSI,5597.65,53.558,2108.58267716535,0.005,174.71,0.152,0.2,0.5
SPI1_SCK,5771.05,51.949,2045.23622047244,0.007,129.13,0.2,0.2,0.64
SPI2_MISO,7859.49,38.145,1501.77165354331,0.004,149.32,0.127,0.2,0.42
SPI2_MOSI,7695.7,38.957,1533.74015748032,0.004,152.5,0.127,0.2,0.42
SPI2_SCK,7705.53,38.907,1531.77165354331,0.004,152.3,0.127,0.2,0.42
SWCLK,3849.06,77.889,3066.49606299213,0.007,193.61,0.2,0.2,0.64
SWDIO,3790.15,79.1,3114.17322834646,0.007,196.62,0.2,0.2,0.64
SYSCLK1,77841.68,3.851,151.614173228346,0.012,5.47,0.35,0.35,1.08
SYSCLK2,72300.4,4.147,163.267716535433,0.012,5.89,0.35,0.35,1.08
TPS62111-PG,103521.54,2.896,114.015748031496,0.007,7.2,0.2,0.2,0.64
TPS62111-SYNC,40151.47,7.467,293.976377952756,0.007,18.56,0.2,0.2,0.64
TX1,222337.65,1.348,53.0708661417323,0.014,1.72,0.39,0.39,1.2
TX2,222337.65,1.348,53.0708661417323,0.014,1.72,0.39,0.39,1.2
USART2_RX,7003.13,42.809,1685.3937007874,0.007,106.41,0.2,0.2,0.64
USART2_TX,6975.82,42.977,1692.00787401575,0.007,106.83,0.2,0.2,0.64
VBUS,162655.1,1.843,72.5590551181102,0.007,4.58,0.2,0.2,0.64
VBUSP,4037.41,74.255,2923.42519685039,0.004,290.67,0.127,0.4,0.42
VCAP,111470.64,2.689,105.866141732283,0.011,4.46,0.3,0.4,0.93
VDDI,47962.55,6.251,246.102362204724,0.011,10.36,0.3,0.3,0.93
WDT,5454.64,54.962,2163.85826771654,0.007,136.62,0.2,0.2,0.64
WDT-PWR,55387.94,5.413,213.110236220472,0.007,13.45,0.2,0.2,0.64
